$$$ exec p1 : malasalm
Plateau 15 17:
    01234567890123456
000 .................
001 .................
002 .................
003 .................
004 .................
005 .................
006 .................
007 .................
008 ..O..............
009 .................
010 .................
011 .................
012 .............xX..
013 ...........xxx...
014 .................
Piece 3 6:
......
...***
..**..



  0|  0|  0|  0|  0|  0|  0|  0|  0|  0|  0|  0|  0|  0|  0|  0|  0|
  0|  0|  0|  0|  0|  0|  0|  0|  0|  0|  0|  0|  0|  0|  0|  0|  0|
  0|  0|  0|  0|  0|  0|  0|  0|  0|  0|  0|  0|  0|  0|  0|  0|  0|
  0|  0|  0|  0|  0|  0|  0|  0|  0|  0|  0|  0|  0|  0|  0|  0|  0|
  0|  0|  0|  0|  0|  0|  0|  0|  0|  0|  0|  0|  0|  0|  0|  0|  0|
  0|  0|  0|  0|  0|  0|  0|  0|  0|  0|  0|  0|  0|  0|  0|  0|  0|
  0|  0|  0|  0|  0|  0|  0|  0|  0|  0|  0|  0|  0|  0|  0|  0|  0|
  0|  0|  0|  0|  0|  0|  0|  0|  0|  0|  0|  0|  0|  0|  0|  0|  0|
  0|  0|100|  0|  0|  0|  0|  0|  0|  0|  0|  0|  0|  0|  0|  0|  0|
  0|  0|  0|  0|  0|  0|  0|  0|  0|  0|  0|  0|  0|  0|  0|  0|  0|
  0|  0|  0|  0|  0|  0|  0|  0|  0|  0|  0|  0|  0|  0|  0|  0|  0|
  0|  0|  0|  0|  0|  0|  0|  0|  0|  0|  0|  0|  0|  0|  0|  0|  0|
 14| 13| 12| 11| 10|  9|  8|  7|  6|  5|  4|  3|  2|  1|  0|  1|  2|
  0|  0|  0|  0|  0|  0|  0|  0|  0|  0|  0|  0|  0|  0|  0|  0|  0|
  0|  0|  0|  0|  0|  0|  0|  0|  0|  0|  0|  0|  0|  0|  0|  0|  0|

  0|  0|  0|  0|  0| -2|  0|  0|  0|  0|  0|  0|  0|  0|  0|  0|  0|
  0|  0|  0|  0|  0|  0|  0|  0|  0|  0|  0|  0|  0|  0|  0|  0|  0|
  0|  0|  0|  0|  0|  0|  0|  0|  0|  0|  0|  0|  0|  0|  0|  0|  0|
  0|  0|  0|  0|  0|  0|  0|  0|  0|  0|  0|  0|  0|  0|  0|  0|  0|
  0|  0| -2|  0|  0|  0|  0|  0|  0|  0|  0|  0|  0|  0|  0|  0|  0|
  0|  0|  0|  0|  0|  0|  0|  0|  0|  0|  0|  0|  0|  0|  0|  0|  0|
  0|  0|  0|  0|  0|  0|  0|  0|  0|  0|  0|  0|  0|  0|  0|  0|  0|
  0|  0|  0|  0|  0|  0|  0|  0|  0|  0|  0|  0|  0|  0|  0|  0|  0|
  0|  0|100|  0|  0|  0|  0|  0|  0|  0|  0|  0|  0|  0|  0|  0|  0|
  0|  0|  0|  0|  0|  0|  0|  0|  0|  0|  0|  0|  0|  0|  0|  0|  0|
 16| 15| 14| 13| 12| 11| 10|  9|  8|  7|  6|  5|  4|  3|  2|  3|  4|
 15| 14| 13| 12| 11| 10|  9|  8|  7|  6|  5|  4|  3|  2|  1|  2|  3|
 14| 13|  1| 11| 10|  9|  8|  7|  6|  5|  4|  3|  2|  1| -2|  1|  2|
  0|  0| -2|  0|  0|  0|  0|  0|  0|  0|  0|  0|  0| -2|  0|  0|  0|
  0|  0|  0|  0|  0|  0|  0|  0|  0|  0|  0|  0|  0|  0|  0|  0|  0|