$$$ exec p1 : [../malasalm.filler]
Plateau 15 17:
    01234567890123456
000 .................
001 .................
002 .................
003 .................
004 .................
005 .................
006 .................
007 .................
008 ..O..............
009 .................
010 .................
011 .................
012 ..............X..
013 .................
014 .................
Piece 2 2:
**
**
<got (O): [8, 2]
Plateau 15 17:
    01234567890123456
000 .................
001 .................
002 .................
003 .................
004 .................
005 .................
006 .................
007 .................
008 ..oo.............
009 ..oo.............
010 .................
011 .................
012 ..............X..
013 .................
014 .................
Piece 2 2:
**
..
<got (X): [12, 13]
Plateau 15 17:
    01234567890123456
000 .................
001 .................
002 .................
003 .................
004 .................
005 .................
006 .................
007 .................
008 ..OO.............
009 ..OO.............
010 .................
011 .................
012 .............xx..
013 .................
014 .................
Piece 1 2:
**
<got (O): [9, 3]
Plateau 15 17:
    01234567890123456
000 .................
001 .................
002 .................
003 .................
004 .................
005 .................
006 .................
007 .................
008 ..OO.............
009 ..Ooo............
010 .................
011 .................
012 .............XX..
013 .................
014 .................
Piece 1 3:
.**
<got (X): [12, 11]
Plateau 15 17:
    01234567890123456
000 .................
001 .................
002 .................
003 .................
004 .................
005 .................
006 .................
007 .................
008 ..OO.............
009 ..OOO............
010 .................
011 .................
012 ............xxX..
013 .................
014 .................
Piece 2 1:
*
*
<got (O): [9, 4]
Plateau 15 17:
    01234567890123456
000 .................
001 .................
002 .................
003 .................
004 .................
005 .................
006 .................
007 .................
008 ..OO.............
009 ..OOo............
010 ....o............
011 .................
012 ............XXX..
013 .................
014 .................
Piece 2 1:
*
*
<got (X): [12, 12]
Plateau 15 17:
    01234567890123456
000 .................
001 .................
002 .................
003 .................
004 .................
005 .................
006 .................
007 .................
008 ..OO.............
009 ..OOO............
010 ....O............
011 .................
012 ............xXX..
013 ............x....
014 .................
Piece 2 2:
*.
*.

 24| 23| 22| 21| 20| 19| 18| 17| 16| 15| 14| 13| 12| 12| 12| 13| 14|
 23| 22| 21| 20| 19| 18| 17| 16| 15| 14| 13| 12| 11| 11| 11| 12| 13|
 22| 21| 20| 19| 18| 17| 16| 15| 14| 13| 12| 11| 10| 10| 10| 11| 12|
 21| 20| 19| 18| 17| 16| 15| 14| 13| 12| 11| 10|  9|  9|  9| 10| 11|
 20| 19| 18| 17| 16| 15| 14| 13| 12| 11| 10|  9|  8|  8|  8|  9| 10|
 19| 18| 17| 16| 15| 14| 13| 12| 11| 10|  9|  8|  7|  7|  7|  8|  9|
 18| 17| 16| 15| 14| 13| 12| 11| 10|  9|  8|  7|  6|  6|  6|  7|  8|
 17| 16| 15| 14| 13| 12| 11| 10|  9|  8|  7|  6|  5|  5|  5|  6|  7|
 16| 15| -1| -1| 12| 11| 10|  9|  8|  7|  6|  5|  4|  4|  4|  5|  6|
 15| 14| -1| -1| -1| 10|  9|  8|  7|  6|  5|  4|  3|  3|  3|  4|  5|
 14| 13| 12| 11| -1|  9|  8|  7|  6|  5|  4|  3|  2|  2|  2|  3|  4|
 13| 12| 11| 10|  9|  8|  7|  6|  5|  4|  3|  2|  1|  1|  1|  2|  3|
 12| 11| 10|  9|  8|  7|  6|  5|  4|  3|  2|  1| -2| -2| -2|  1|  2|
 12| 11| 10|  9|  8|  7|  6|  5|  4|  3|  2|  1| -2|  1|  1|  2|  3|
 13| 12| 11| 10|  9|  8|  7|  6|  5|  4|  3|  2|  1|  2|  2|  3|  4|